2;2;2;2;2;2;2;7;2;2;2;2;2;2;2;2;2;2;2;2;2;2;7;2;2;2;2;2;2;2;2;2;2;8;8;8;2;2;2;2;2;2;2;2;2;2;2;2;2;2;2;3;3;3;1;1;1;2;8;8;8;2;2;2;2;2;2;2;2;2;2;2;2;2;2;2;3;3;3;1;6;1;2;8;8;8;2;2;2;1;1;1;2;2;2;2;2;2;2;2;2;3;3;3;1;1;1;2;2;2;2;2;2;2;1;6;1;2;2;2;2;2;2;2;2;2;2;2;2;2;2;2;3;3;3;2;2;2;2;1;1;1;2;2;5;2;2;2;2;2;2;2;8;8;8;2;7;3;3;3;2;2;2;2;2;2;2;2;2;2;2;2;2;8;2;2;2;8;8;8;2;2;3;3;3;2;2;2;2;2;2;2;2;2;2;2;2;2;2;2;2;2;8;8;8;2;2;2;2;2;31;26;30;2;4;2;2;2;2;2;2;8;2;2;2;2;2;2;2;2;2;2;2;2;2;2;2;2;2;2;2;2;2;2;2;2;2;2;2;2;2;2;2;2;2;2;2;2;2;2;2;2;2;2;2;2;2;2;2;2;2;2;2;2;2;2;2;2;2;2;2;2;2;2;2;2;2;2;2;2;2;2;2;2;2;8;8;8;2;2;2;2;2;2;2;2;2;2;2;2;2;2;2;2;2;2;31;26;30;2;8;8;8;2;2;2;2;1;2;2;2;2;2;2;2;2;2;2;2;2;2;2;2;2;2;8;8;8;2;2;2;2;2;2;2;2;2;2;2;2;2;2;2;2;2;2;2;2;2;2;2;2;2;2;2;2;2;2;2;2;2;2;2;2;2;2;2;2;2;2;2;2;2;2;2;2;2;2;2;2;2;2;2;2;2;2;2;2;2;2;2;2;2;2;2;2;2;2;2;2;2;3;3;3;2;2;2;2;2;2;2;2;2;2;2;2;2;2;2;5;2;2;2;2;2;2;3;3;3;2;2;2;1;1;1;2;2;2;2;2;2;2;2;2;2;2;2;2;2;2;2;3;3;3;2;2;2;1;6;1;2;2;2;2;2;2;2;8;2;31;26;30;2;5;2;2;2;4;2;2;2;2;1;1;1;2;2;2;2;2;2;2;2;2;2;2;2;2;2;2;2;2;2;2;2;2;2;8;2;2;2;2;2;2;2;2;2;2;2;2;2;2;2;2;2;2;2;2;2;2;2;2;2;2;2;2;2;2;2;2;2;2;2;2;2;2;2;2;2;2;2;2;2;2;2;2;2;2;2;2;2;2;2;2;2;2;2;2;2;2;2;5;2;2;2;2;2;2;8;2;2;2;2;2;2;2;2;2;2;2;2;2;2;2;2;2;2;2;2;2;2;2;2;2;2;
1;8;11
2;8;11;26
3;8;11;26
5;8;11
1;8;11
2;8;11;26
3;8;11;26
5;8;11
1;12;17
2;12;17;26
3;12;17;26
5;12;17
1;12;17
2;12;17;26
3;12;17;26
5;12;17
1;19;15
2;19;15;26
3;19;15;26
5;19;15
1;19;15
2;19;15;26
3;19;15;26
5;19;15
1;8;12
2;8;12;30
3;8;12;30
4;8;12;9;12;2
1;9;12
2;9;12;10
3;9;12;10
6;9;12;9;13
1;9;13
2;9;13;10
3;9;13;10
6;9;13;10;13
1;12;18
2;12;18;30
3;12;18;30
4;12;18;13;18;4
1;13;18
2;13;18;18
3;13;18;18
6;13;18;14;18
1;14;18
2;14;18;18
3;14;18;18
6;14;18;15;18
1;19;16
2;19;16;30
3;19;16;30
4;19;16;20;16;3
1;20;16
2;20;16;22
3;20;16;22
6;20;16;20;17
1;20;17
2;20;17;22
3;20;17;22
6;20;17;19;17
1;8;12
2;8;12;30
3;8;12;30
4;8;12;9;12;4
1;10;13
2;10;13;10
3;10;13;10
6;10;13;10;14
1;10;14
2;10;14;10
3;10;14;10
6;10;14;10;15
1;12;18
2;12;18;30
3;12;18;30
4;12;18;13;18;4
1;15;18
2;15;18;18
3;15;18;18
6;15;18;15;17
1;15;17
2;15;17;18
3;15;17;18
6;15;17;15;16
1;19;16
2;19;16;30
3;19;16;30
4;19;16;20;16;3
1;19;17
2;19;17;22
3;19;17;22
6;19;17;18;17
1;20;16
2;20;16;22
3;20;16;22
6;20;16;20;17
1;8;12
2;8;12;30
3;8;12;30
4;8;12;9;13;1
1;9;13
2;9;13;14
3;9;13;14
6;9;13;10;13
1;10;15
2;10;15;10
3;10;15;10
6;10;15;10;16
1;12;18
2;12;18;30
3;12;18;30
4;12;18;13;19;2
1;13;18
2;13;18;18
3;13;18;18
6;13;18;13;17
